step	reward	x	action	sigma	score	terminated	truncated
1	0.000000	0.500000	[0.5]	2.420573	0.000000	0	0
2	0.000000	0.500000	[0.5]	2.420573	0.000000	0	0
3	1.000000	0.500000	[0.5]	2.420573	1.000000	0	0
4	3.000000	0.500000	[0.5]	2.420573	4.000000	0	0
5	6.000000	0.500000	[0.5]	2.420573	10.000000	0	0
6	0.000000	0.500000	[0.5]	2.420573	10.000000	0	0
7	1.000000	0.500000	[0.5]	2.420573	11.000000	0	0
8	3.000000	0.500000	[0.5]	2.420573	14.000000	0	0
9	0.000000	0.500000	[0.5]	2.420573	14.000000	0	0
10	0.000000	0.500000	[0.5]	2.420573	14.000000	0	0
11	15.000000	0.500000	[0.5]	2.420573	29.000000	0	0
12	0.000000	0.500000	[0.5]	2.420573	29.000000	0	0
13	0.000000	-0.500000	[-0.5]	2.420573	29.000000	0	0
14	10.000000	0.500000	[0.5]	2.420573	39.000000	0	0
15	3.000000	-0.077816	[-0.07781553268432617]	2.420573	42.000000	0	0
16	6.000000	0.500000	[0.5]	2.420573	48.000000	0	0
17	0.000000	0.500000	[0.5]	2.420573	48.000000	0	0
18	1.000000	0.500000	[0.5]	2.420573	49.000000	0	0
19	0.000000	0.500000	[0.5]	2.420573	49.000000	0	0
20	0.000000	0.500000	[0.5]	2.420573	49.000000	0	0
21	0.000000	0.500000	[0.5]	2.420573	49.000000	0	0
22	10.000000	0.500000	[0.5]	2.420573	59.000000	0	0
23	6.000000	0.500000	[0.5]	2.420573	65.000000	0	0
24	0.000000	0.500000	[0.5]	2.420573	65.000000	0	0
25	0.000000	0.500000	[0.5]	2.420573	65.000000	0	0
26	0.000000	0.500000	[0.5]	2.420573	65.000000	0	0
27	39.000000	0.500000	[0.5]	2.420573	104.000000	0	0
28	20.000000	0.500000	[0.5]	2.420573	124.000000	0	0
29	15.000000	0.500000	[0.5]	2.420573	139.000000	0	0
30	0.000000	0.500000	[0.5]	2.420573	139.000000	0	0
31	0.000000	0.500000	[0.5]	2.420573	139.000000	0	0
32	10.000000	0.500000	[0.5]	2.420573	149.000000	0	0
33	15.000000	0.500000	[0.5]	2.420573	164.000000	0	0
34	0.000000	0.500000	[0.5]	2.420573	164.000000	0	0
35	0.000000	0.500000	[0.5]	2.420573	164.000000	0	0
36	0.000000	0.500000	[0.5]	2.420573	164.000000	0	0
37	16.000000	0.500000	[0.5]	2.420573	180.000000	0	0
38	3.000000	0.500000	[0.5]	2.420573	183.000000	0	0
39	52.000000	0.500000	[0.5]	2.420573	235.000000	0	0
40	0.000000	0.500000	[0.5]	2.420573	235.000000	0	0
41	15.000000	0.500000	[0.5]	2.420573	250.000000	0	0
42	29.000000	0.500000	[0.5]	2.420573	279.000000	0	0
43	0.000000	0.500000	[0.5]	2.420573	279.000000	0	0
44	3.000000	0.500000	[0.5]	2.420573	282.000000	0	0
45	16.000000	0.500000	[0.5]	2.420573	298.000000	0	0
46	0.000000	0.500000	[0.5]	2.420573	298.000000	0	0
47	0.000000	0.500000	[0.5]	2.420573	298.000000	0	0
48	0.000000	0.500000	[0.5]	2.420573	298.000000	0	0
49	15.000000	0.500000	[0.5]	2.420573	313.000000	0	0
50	16.000000	0.500000	[0.5]	2.420573	329.000000	0	0
51	3.000000	0.500000	[0.5]	2.420573	332.000000	0	0
52	0.000000	0.500000	[0.5]	2.420573	332.000000	0	0
53	0.000000	0.500000	[0.5]	2.420573	332.000000	0	0
54	36.000000	0.500000	[0.5]	2.420573	368.000000	0	0
55	0.000000	0.500000	[0.5]	2.420573	368.000000	0	0
56	0.000000	0.500000	[0.5]	2.420573	368.000000	0	0
57	0.000000	0.500000	[0.5]	2.420573	368.000000	0	0
58	16.000000	0.500000	[0.5]	2.420573	384.000000	0	0
59	25.000000	0.500000	[0.5]	2.420573	409.000000	0	0
60	0.000000	0.500000	[0.5]	2.420573	409.000000	0	0
61	0.000000	0.500000	[0.5]	2.420573	409.000000	0	0
62	64.000000	0.500000	[0.5]	2.420573	473.000000	0	0
63	36.000000	0.500000	[0.5]	2.420573	509.000000	0	0
64	15.000000	0.500000	[0.5]	2.420573	524.000000	0	0
65	0.000000	0.500000	[0.5]	2.420573	524.000000	0	0
66	0.000000	0.500000	[0.5]	2.420573	524.000000	0	0
67	0.000000	0.500000	[0.5]	2.420573	524.000000	0	0
68	3.000000	0.500000	[0.5]	2.420573	527.000000	0	0
69	10.000000	0.500000	[0.5]	2.420573	537.000000	0	0
70	0.000000	0.500000	[0.5]	2.420573	537.000000	0	0
71	0.000000	0.500000	[0.5]	2.420573	537.000000	0	0
72	0.000000	0.500000	[0.5]	2.420573	537.000000	0	0
73	0.000000	0.500000	[0.5]	2.420573	537.000000	0	0
74	15.000000	0.500000	[0.5]	2.420573	552.000000	0	0
75	0.000000	0.500000	[0.5]	2.420573	552.000000	0	0
76	19.000000	0.500000	[0.5]	2.420573	571.000000	0	0
77	0.000000	0.500000	[0.5]	2.420573	571.000000	0	0
78	0.000000	0.500000	[0.5]	2.420573	571.000000	0	0
79	0.000000	0.500000	[0.5]	2.420573	571.000000	0	0
80	0.000000	0.500000	[0.5]	2.420573	571.000000	0	0
81	0.000000	0.500000	[0.5]	2.420573	571.000000	0	0
82	0.000000	0.500000	[0.5]	2.420573	571.000000	0	0
83	0.000000	0.500000	[0.5]	2.420573	571.000000	0	0
84	15.000000	0.500000	[0.5]	2.420573	586.000000	0	0
85	0.000000	0.500000	[0.5]	2.420573	586.000000	0	0
86	4.000000	0.500000	[0.5]	2.420573	590.000000	0	0
87	6.000000	0.500000	[0.5]	2.420573	596.000000	0	0
88	36.000000	0.500000	[0.5]	2.420573	632.000000	0	0
89	0.000000	0.500000	[0.5]	2.420573	632.000000	0	0
90	46.000000	0.500000	[0.5]	2.420573	678.000000	0	0
91	0.000000	0.500000	[0.5]	2.420573	678.000000	0	0
92	0.000000	0.500000	[0.5]	2.420573	678.000000	0	0
93	3.000000	0.500000	[0.5]	2.420573	681.000000	0	0
94	0.000000	0.500000	[0.5]	2.420573	681.000000	0	0
95	0.000000	0.500000	[0.5]	2.420573	681.000000	0	0
96	0.000000	0.500000	[0.5]	2.420573	681.000000	0	0
97	25.000000	0.500000	[0.5]	2.420573	706.000000	0	0
98	0.000000	0.500000	[0.5]	2.420573	706.000000	0	0
99	0.000000	0.500000	[0.5]	2.420573	706.000000	0	0
100	0.000000	0.500000	[0.5]	2.420573	706.000000	0	0
101	25.000000	0.500000	[0.5]	2.420573	731.000000	0	0
102	64.000000	0.500000	[0.5]	2.420573	795.000000	0	0
103	31.000000	0.500000	[0.5]	2.420573	826.000000	0	0
104	6.000000	0.500000	[0.5]	2.420573	832.000000	0	0
105	0.000000	0.500000	[0.5]	2.420573	832.000000	0	0
106	0.000000	0.500000	[0.5]	2.420573	832.000000	0	0
107	19.000000	0.500000	[0.5]	2.420573	851.000000	0	0
108	15.000000	0.500000	[0.5]	2.420573	866.000000	0	0
109	3.000000	0.500000	[0.5]	2.420573	869.000000	0	0
110	0.000000	0.500000	[0.5]	2.420573	869.000000	0	0
111	0.000000	0.500000	[0.5]	2.420573	869.000000	0	0
112	0.000000	0.500000	[0.5]	2.420573	869.000000	0	0
113	1.000000	0.500000	[0.5]	2.420573	870.000000	0	0
114	0.000000	0.500000	[0.5]	2.420573	870.000000	0	0
115	74.000000	0.500000	[0.5]	2.420573	944.000000	0	0
116	6.000000	0.500000	[0.5]	2.420573	950.000000	0	0
117	28.000000	0.500000	[0.5]	2.420573	978.000000	0	0
118	1.000000	0.500000	[0.5]	2.420573	979.000000	0	0
119	0.000000	0.500000	[0.5]	2.420573	979.000000	0	0
120	0.000000	0.500000	[0.5]	2.420573	979.000000	0	0
121	13.000000	0.500000	[0.5]	2.420573	992.000000	0	0
122	6.000000	0.500000	[0.5]	2.420573	998.000000	0	0
123	0.000000	0.500000	[0.5]	2.420573	998.000000	0	0
124	0.000000	0.500000	[0.5]	2.420573	998.000000	0	0
125	0.000000	0.500000	[0.5]	2.420573	998.000000	0	0
126	6.000000	0.500000	[0.5]	2.420573	1004.000000	0	0
127	0.000000	0.500000	[0.5]	2.420573	1004.000000	0	0
128	6.000000	0.500000	[0.5]	2.420573	1010.000000	0	0
129	25.000000	0.500000	[0.5]	2.420573	1035.000000	0	0
130	16.000000	0.500000	[0.5]	2.420573	1051.000000	0	0
131	4.000000	0.500000	[0.5]	2.420573	1055.000000	0	0
132	0.000000	0.500000	[0.5]	2.420573	1055.000000	0	0
133	46.000000	0.500000	[0.5]	2.420573	1101.000000	0	0
134	6.000000	0.500000	[0.5]	2.420573	1107.000000	0	0
135	0.000000	0.500000	[0.5]	2.420573	1107.000000	0	0
136	0.000000	0.500000	[0.5]	2.420573	1107.000000	0	0
137	31.000000	0.500000	[0.5]	2.420573	1138.000000	0	0
138	0.000000	0.500000	[0.5]	2.420573	1138.000000	0	0
139	0.000000	0.500000	[0.5]	2.420573	1138.000000	0	0
140	0.000000	0.500000	[0.5]	2.420573	1138.000000	0	0
141	0.000000	0.500000	[0.5]	2.420573	1138.000000	0	0
142	0.000000	0.500000	[0.5]	2.420573	1138.000000	0	0
143	0.000000	0.500000	[0.5]	2.420573	1138.000000	0	0
144	10.000000	0.500000	[0.5]	2.420573	1148.000000	0	0
145	0.000000	0.500000	[0.5]	2.420573	1148.000000	0	0
146	36.000000	0.500000	[0.5]	2.420573	1184.000000	0	0
147	20.000000	0.500000	[0.5]	2.420573	1204.000000	0	0
148	0.000000	0.500000	[0.5]	2.420573	1204.000000	0	0
149	25.000000	0.500000	[0.5]	2.420573	1229.000000	0	0
150	94.000000	0.500000	[0.5]	2.420573	1323.000000	0	0
151	46.000000	0.500000	[0.5]	2.420573	1369.000000	0	0
152	0.000000	0.500000	[0.5]	2.420573	1369.000000	0	0
153	0.000000	-0.500000	[-0.5]	2.420573	1369.000000	0	0
154	0.000000	0.500000	[0.5]	2.420573	1369.000000	0	0
155	0.000000	0.500000	[0.5]	2.420573	1369.000000	0	0
156	0.000000	0.500000	[0.5]	2.420573	1369.000000	0	0
157	28.000000	0.500000	[0.5]	2.420573	1397.000000	0	0
158	0.000000	0.500000	[0.5]	2.420573	1397.000000	0	0
159	0.000000	0.500000	[0.5]	2.420573	1397.000000	0	0
160	0.000000	0.500000	[0.5]	2.420573	1397.000000	0	0
161	36.000000	0.500000	[0.5]	2.420573	1433.000000	0	0
162	0.000000	0.500000	[0.5]	2.420573	1433.000000	0	0
163	16.000000	0.500000	[0.5]	2.420573	1449.000000	0	0
164	0.000000	0.500000	[0.5]	2.420573	1449.000000	0	0
165	0.000000	0.500000	[0.5]	2.420573	1449.000000	0	0
166	0.000000	-0.500000	[-0.5]	2.420573	1449.000000	0	0
167	0.000000	0.500000	[0.5]	2.420573	1449.000000	0	0
168	-500.000000	0.500000	[0.5]	2.420573	1449.000000	1	0
