step	reward	x	action	sigma	score	terminated	truncated
1	0.000000	0.500000	[0.5]	2.515495	0.000000	0	0
2	0.000000	0.500000	[0.5]	2.515495	0.000000	0	0
3	1.000000	0.500000	[0.5]	2.515495	1.000000	0	0
4	0.000000	0.500000	[0.5]	2.515495	1.000000	0	0
5	3.000000	0.500000	[0.5]	2.515495	4.000000	0	0
6	0.000000	0.500000	[0.5]	2.515495	4.000000	0	0
7	0.000000	0.500000	[0.5]	2.515495	4.000000	0	0
8	1.000000	0.500000	[0.5]	2.515495	5.000000	0	0
9	0.000000	0.500000	[0.5]	2.515495	5.000000	0	0
10	16.000000	0.500000	[0.5]	2.515495	21.000000	0	0
11	0.000000	0.500000	[0.5]	2.515495	21.000000	0	0
12	0.000000	0.500000	[0.5]	2.515495	21.000000	0	0
13	0.000000	-0.500000	[-0.5]	2.515495	21.000000	0	0
14	0.000000	0.500000	[0.5]	2.515495	21.000000	0	0
15	0.000000	-0.212551	[-0.21255111694335938]	2.515495	21.000000	0	0
16	15.000000	0.500000	[0.5]	2.515495	36.000000	0	0
17	0.000000	0.500000	[0.5]	2.515495	36.000000	0	0
18	0.000000	0.500000	[0.5]	2.515495	36.000000	0	0
19	1.000000	0.500000	[0.5]	2.515495	37.000000	0	0
20	15.000000	0.500000	[0.5]	2.515495	52.000000	0	0
21	3.000000	0.500000	[0.5]	2.515495	55.000000	0	0
22	0.000000	0.500000	[0.5]	2.515495	55.000000	0	0
23	0.000000	0.500000	[0.5]	2.515495	55.000000	0	0
24	52.000000	0.500000	[0.5]	2.515495	107.000000	0	0
25	3.000000	0.500000	[0.5]	2.515495	110.000000	0	0
26	0.000000	0.500000	[0.5]	2.515495	110.000000	0	0
27	0.000000	0.500000	[0.5]	2.515495	110.000000	0	0
28	0.000000	0.500000	[0.5]	2.515495	110.000000	0	0
29	0.000000	0.500000	[0.5]	2.515495	110.000000	0	0
30	31.000000	0.500000	[0.5]	2.515495	141.000000	0	0
31	0.000000	0.500000	[0.5]	2.515495	141.000000	0	0
32	3.000000	0.500000	[0.5]	2.515495	144.000000	0	0
33	0.000000	0.500000	[0.5]	2.515495	144.000000	0	0
34	0.000000	0.500000	[0.5]	2.515495	144.000000	0	0
35	6.000000	0.500000	[0.5]	2.515495	150.000000	0	0
36	10.000000	0.500000	[0.5]	2.515495	160.000000	0	0
37	0.000000	0.500000	[0.5]	2.515495	160.000000	0	0
38	74.000000	0.500000	[0.5]	2.515495	234.000000	0	0
39	0.000000	0.500000	[0.5]	2.515495	234.000000	0	0
40	1.000000	0.500000	[0.5]	2.515495	235.000000	0	0
41	0.000000	0.500000	[0.5]	2.515495	235.000000	0	0
42	15.000000	0.500000	[0.5]	2.515495	250.000000	0	0
43	16.000000	0.500000	[0.5]	2.515495	266.000000	0	0
44	0.000000	0.500000	[0.5]	2.515495	266.000000	0	0
45	0.000000	0.500000	[0.5]	2.515495	266.000000	0	0
46	0.000000	0.500000	[0.5]	2.515495	266.000000	0	0
47	16.000000	0.500000	[0.5]	2.515495	282.000000	0	0
48	15.000000	0.500000	[0.5]	2.515495	297.000000	0	0
49	0.000000	0.500000	[0.5]	2.515495	297.000000	0	0
50	0.000000	0.500000	[0.5]	2.515495	297.000000	0	0
51	0.000000	0.500000	[0.5]	2.515495	297.000000	0	0
52	21.000000	0.500000	[0.5]	2.515495	318.000000	0	0
53	0.000000	0.500000	[0.5]	2.515495	318.000000	0	0
54	10.000000	0.500000	[0.5]	2.515495	328.000000	0	0
55	25.000000	0.500000	[0.5]	2.515495	353.000000	0	0
56	46.000000	0.500000	[0.5]	2.515495	399.000000	0	0
57	10.000000	0.500000	[0.5]	2.515495	409.000000	0	0
58	0.000000	0.500000	[0.5]	2.515495	409.000000	0	0
59	0.000000	0.500000	[0.5]	2.515495	409.000000	0	0
60	3.000000	0.500000	[0.5]	2.515495	412.000000	0	0
61	116.000000	0.500000	[0.5]	2.515495	528.000000	0	0
62	0.000000	0.500000	[0.5]	2.515495	528.000000	0	0
63	0.000000	0.500000	[0.5]	2.515495	528.000000	0	0
64	15.000000	0.500000	[0.5]	2.515495	543.000000	0	0
65	0.000000	0.500000	[0.5]	2.515495	543.000000	0	0
66	0.000000	0.500000	[0.5]	2.515495	543.000000	0	0
67	0.000000	0.500000	[0.5]	2.515495	543.000000	0	0
68	0.000000	0.500000	[0.5]	2.515495	543.000000	0	0
69	1.000000	0.500000	[0.5]	2.515495	544.000000	0	0
70	0.000000	0.500000	[0.5]	2.515495	544.000000	0	0
71	9.000000	0.500000	[0.5]	2.515495	553.000000	0	0
72	0.000000	0.500000	[0.5]	2.515495	553.000000	0	0
73	15.000000	0.500000	[0.5]	2.515495	568.000000	0	0
74	1.000000	0.500000	[0.5]	2.515495	569.000000	0	0
75	13.000000	0.500000	[0.5]	2.515495	582.000000	0	0
76	6.000000	0.500000	[0.5]	2.515495	588.000000	0	0
77	36.000000	0.500000	[0.5]	2.515495	624.000000	0	0
78	0.000000	0.500000	[0.5]	2.515495	624.000000	0	0
79	10.000000	0.500000	[0.5]	2.515495	634.000000	0	0
80	36.000000	0.500000	[0.5]	2.515495	670.000000	0	0
81	0.000000	0.500000	[0.5]	2.515495	670.000000	0	0
82	0.000000	0.500000	[0.5]	2.515495	670.000000	0	0
83	10.000000	0.500000	[0.5]	2.515495	680.000000	0	0
84	15.000000	0.500000	[0.5]	2.515495	695.000000	0	0
85	0.000000	0.500000	[0.5]	2.515495	695.000000	0	0
86	0.000000	0.500000	[0.5]	2.515495	695.000000	0	0
87	0.000000	0.500000	[0.5]	2.515495	695.000000	0	0
88	3.000000	0.500000	[0.5]	2.515495	698.000000	0	0
89	0.000000	0.500000	[0.5]	2.515495	698.000000	0	0
90	25.000000	0.500000	[0.5]	2.515495	723.000000	0	0
91	6.000000	0.500000	[0.5]	2.515495	729.000000	0	0
92	0.000000	0.500000	[0.5]	2.515495	729.000000	0	0
93	10.000000	0.500000	[0.5]	2.515495	739.000000	0	0
94	64.000000	0.500000	[0.5]	2.515495	803.000000	0	0
95	15.000000	0.500000	[0.5]	2.515495	818.000000	0	0
96	0.000000	0.500000	[0.5]	2.515495	818.000000	0	0
97	16.000000	0.500000	[0.5]	2.515495	834.000000	0	0
98	15.000000	0.500000	[0.5]	2.515495	849.000000	0	0
99	21.000000	0.500000	[0.5]	2.515495	870.000000	0	0
100	110.000000	0.500000	[0.5]	2.515495	980.000000	0	0
101	0.000000	0.500000	[0.5]	2.515495	980.000000	0	0
102	0.000000	0.500000	[0.5]	2.515495	980.000000	0	0
103	0.000000	0.500000	[0.5]	2.515495	980.000000	0	0
104	0.000000	0.500000	[0.5]	2.515495	980.000000	0	0
105	0.000000	0.500000	[0.5]	2.515495	980.000000	0	0
106	15.000000	0.500000	[0.5]	2.515495	995.000000	0	0
107	6.000000	0.500000	[0.5]	2.515495	1001.000000	0	0
108	1.000000	0.500000	[0.5]	2.515495	1002.000000	0	0
109	3.000000	0.500000	[0.5]	2.515495	1005.000000	0	0
110	0.000000	0.500000	[0.5]	2.515495	1005.000000	0	0
111	0.000000	0.500000	[0.5]	2.515495	1005.000000	0	0
112	34.000000	0.500000	[0.5]	2.515495	1039.000000	0	0
113	0.000000	0.500000	[0.5]	2.515495	1039.000000	0	0
114	0.000000	0.500000	[0.5]	2.515495	1039.000000	0	0
115	21.000000	0.500000	[0.5]	2.515495	1060.000000	0	0
116	15.000000	0.500000	[0.5]	2.515495	1075.000000	0	0
117	0.000000	0.500000	[0.5]	2.515495	1075.000000	0	0
118	0.000000	0.500000	[0.5]	2.515495	1075.000000	0	0
119	0.000000	0.500000	[0.5]	2.515495	1075.000000	0	0
120	10.000000	0.500000	[0.5]	2.515495	1085.000000	0	0
121	46.000000	0.500000	[0.5]	2.515495	1131.000000	0	0
122	0.000000	0.500000	[0.5]	2.515495	1131.000000	0	0
123	15.000000	0.500000	[0.5]	2.515495	1146.000000	0	0
124	0.000000	0.500000	[0.5]	2.515495	1146.000000	0	0
125	0.000000	0.500000	[0.5]	2.515495	1146.000000	0	0
126	10.000000	0.500000	[0.5]	2.515495	1156.000000	0	0
127	0.000000	0.500000	[0.5]	2.515495	1156.000000	0	0
128	36.000000	0.500000	[0.5]	2.515495	1192.000000	0	0
129	0.000000	0.500000	[0.5]	2.515495	1192.000000	0	0
130	28.000000	0.500000	[0.5]	2.515495	1220.000000	0	0
131	11.000000	0.500000	[0.5]	2.515495	1231.000000	0	0
132	0.000000	0.500000	[0.5]	2.515495	1231.000000	0	0
133	3.000000	0.500000	[0.5]	2.515495	1234.000000	0	0
134	6.000000	0.500000	[0.5]	2.515495	1240.000000	0	0
135	0.000000	0.500000	[0.5]	2.515495	1240.000000	0	0
136	16.000000	0.500000	[0.5]	2.515495	1256.000000	0	0
137	15.000000	0.500000	[0.5]	2.515495	1271.000000	0	0
138	4.000000	0.500000	[0.5]	2.515495	1275.000000	0	0
139	16.000000	0.500000	[0.5]	2.515495	1291.000000	0	0
140	0.000000	0.500000	[0.5]	2.515495	1291.000000	0	0
141	0.000000	0.500000	[0.5]	2.515495	1291.000000	0	0
142	0.000000	0.500000	[0.5]	2.515495	1291.000000	0	0
143	0.000000	0.500000	[0.5]	2.515495	1291.000000	0	0
144	0.000000	0.500000	[0.5]	2.515495	1291.000000	0	0
145	9.000000	0.500000	[0.5]	2.515495	1300.000000	0	0
146	0.000000	0.500000	[0.5]	2.515495	1300.000000	0	0
147	36.000000	0.500000	[0.5]	2.515495	1336.000000	0	0
148	7.000000	0.500000	[0.5]	2.515495	1343.000000	0	0
149	31.000000	0.500000	[0.5]	2.515495	1374.000000	0	0
150	49.000000	0.500000	[0.5]	2.515495	1423.000000	0	0
151	36.000000	0.500000	[0.5]	2.515495	1459.000000	0	0
152	0.000000	0.500000	[0.5]	2.515495	1459.000000	0	0
153	15.000000	-0.500000	[-0.5]	2.515495	1474.000000	0	0
154	0.000000	0.423594	[0.42359447479248047]	2.515495	1474.000000	0	0
155	0.000000	0.500000	[0.5]	2.515495	1474.000000	0	0
156	0.000000	0.500000	[0.5]	2.515495	1474.000000	0	0
157	0.000000	0.500000	[0.5]	2.515495	1474.000000	0	0
158	10.000000	0.500000	[0.5]	2.515495	1484.000000	0	0
159	0.000000	0.500000	[0.5]	2.515495	1484.000000	0	0
160	25.000000	0.500000	[0.5]	2.515495	1509.000000	0	0
161	0.000000	0.500000	[0.5]	2.515495	1509.000000	0	0
162	36.000000	0.500000	[0.5]	2.515495	1545.000000	0	0
163	0.000000	0.500000	[0.5]	2.515495	1545.000000	0	0
164	0.000000	0.500000	[0.5]	2.515495	1545.000000	0	0
165	0.000000	0.500000	[0.5]	2.515495	1545.000000	0	0
166	35.000000	-0.500000	[-0.5]	2.515495	1580.000000	0	0
167	0.000000	0.500000	[0.5]	2.515495	1580.000000	0	0
168	0.000000	0.500000	[0.5]	2.515495	1580.000000	0	0
169	-500.000000	0.500000	[0.5]	2.515495	1580.000000	1	0
