step	reward	x	action	sigma	score	terminated	truncated
1	0.000000	-0.500000	[-0.5]	1.781084	0.000000	0	0
2	1.000000	-0.500000	[-0.5]	1.781084	1.000000	0	0
3	0.000000	0.244117	[0.244116872549057]	1.781084	1.000000	0	0
4	0.000000	-0.500000	[-0.5]	1.781084	1.000000	0	0
5	0.000000	0.500000	[0.5]	1.781084	1.000000	0	0
6	0.000000	-0.500000	[-0.5]	1.781084	1.000000	0	0
7	0.000000	-0.500000	[-0.5]	1.781084	1.000000	0	0
8	0.000000	-0.409126	[-0.40912580490112305]	1.781084	1.000000	0	0
9	0.000000	0.500000	[0.5]	1.781084	1.000000	0	0
10	0.000000	0.450216	[0.45021554827690125]	1.781084	1.000000	0	0
11	0.000000	0.500000	[0.5]	1.781084	1.000000	0	0
12	9.000000	-0.500000	[-0.5]	1.781084	10.000000	0	0
13	10.000000	-0.500000	[-0.5]	1.781084	20.000000	0	0
14	0.000000	-0.500000	[-0.5]	1.781084	20.000000	0	0
15	0.000000	-0.500000	[-0.5]	1.781084	20.000000	0	0
16	4.000000	0.271935	[0.27193483710289]	1.781084	24.000000	0	0
17	31.000000	-0.500000	[-0.5]	1.781084	55.000000	0	0
18	0.000000	-0.322759	[-0.3227585554122925]	1.781084	55.000000	0	0
19	0.000000	-0.500000	[-0.5]	1.781084	55.000000	0	0
20	0.000000	0.259263	[0.2592630088329315]	1.781084	55.000000	0	0
21	0.000000	0.074522	[0.074522465467453]	1.781084	55.000000	0	0
22	0.000000	-0.500000	[-0.5]	1.781084	55.000000	0	0
23	1.000000	-0.500000	[-0.5]	1.781084	56.000000	0	0
24	3.000000	-0.500000	[-0.5]	1.781084	59.000000	0	0
25	6.000000	0.209326	[0.2093258798122406]	1.781084	65.000000	0	0
26	15.000000	0.500000	[0.5]	1.781084	80.000000	0	0
27	0.000000	0.500000	[0.5]	1.781084	80.000000	0	0
28	10.000000	0.500000	[0.5]	1.781084	90.000000	0	0
29	0.000000	-0.500000	[-0.5]	1.781084	90.000000	0	0
30	0.000000	-0.500000	[-0.5]	1.781084	90.000000	0	0
31	0.000000	-0.500000	[-0.5]	1.781084	90.000000	0	0
32	0.000000	-0.500000	[-0.5]	1.781084	90.000000	0	0
33	0.000000	0.500000	[0.5]	1.781084	90.000000	0	0
34	0.000000	0.194003	[0.19400301575660706]	1.781084	90.000000	0	0
35	0.000000	-0.069147	[-0.0691472589969635]	1.781084	90.000000	0	0
36	9.000000	-0.500000	[-0.5]	1.781084	99.000000	0	0
37	66.000000	-0.500000	[-0.5]	1.781084	165.000000	0	0
38	4.000000	-0.500000	[-0.5]	1.781084	169.000000	0	0
39	0.000000	-0.500000	[-0.5]	1.781084	169.000000	0	0
40	24.000000	-0.500000	[-0.5]	1.781084	193.000000	0	0
41	0.000000	-0.500000	[-0.5]	1.781084	193.000000	0	0
42	31.000000	0.500000	[0.5]	1.781084	224.000000	0	0
43	49.000000	-0.500000	[-0.5]	1.781084	273.000000	0	0
44	0.000000	-0.500000	[-0.5]	1.781084	273.000000	0	0
45	0.000000	-0.500000	[-0.5]	1.781084	273.000000	0	0
46	0.000000	-0.500000	[-0.5]	1.781084	273.000000	0	0
47	0.000000	0.500000	[0.5]	1.781084	273.000000	0	0
48	0.000000	-0.500000	[-0.5]	1.781084	273.000000	0	0
49	0.000000	-0.500000	[-0.5]	1.781084	273.000000	0	0
50	31.000000	-0.332884	[-0.3328844904899597]	1.781084	304.000000	0	0
51	0.000000	-0.500000	[-0.5]	1.781084	304.000000	0	0
52	15.000000	0.500000	[0.5]	1.781084	319.000000	0	0
53	1.000000	-0.500000	[-0.5]	1.781084	320.000000	0	0
54	0.000000	0.380590	[0.3805899918079376]	1.781084	320.000000	0	0
55	0.000000	-0.500000	[-0.5]	1.781084	320.000000	0	0
56	37.000000	-0.500000	[-0.5]	1.781084	357.000000	0	0
57	0.000000	-0.500000	[-0.5]	1.781084	357.000000	0	0
58	25.000000	-0.500000	[-0.5]	1.781084	382.000000	0	0
59	0.000000	-0.207396	[-0.20739562809467316]	1.781084	382.000000	0	0
60	0.000000	0.500000	[0.5]	1.781084	382.000000	0	0
61	0.000000	-0.500000	[-0.5]	1.781084	382.000000	0	0
62	0.000000	-0.385783	[-0.3857833743095398]	1.781084	382.000000	0	0
63	9.000000	0.325840	[0.32584020495414734]	1.781084	391.000000	0	0
64	0.000000	0.500000	[0.5]	1.781084	391.000000	0	0
65	0.000000	0.500000	[0.5]	1.781084	391.000000	0	0
66	0.000000	-0.500000	[-0.5]	1.781084	391.000000	0	0
67	15.000000	-0.318029	[-0.31802883744239807]	1.781084	406.000000	0	0
68	0.000000	0.500000	[0.5]	1.781084	406.000000	0	0
69	4.000000	0.500000	[0.5]	1.781084	410.000000	0	0
70	0.000000	-0.500000	[-0.5]	1.781084	410.000000	0	0
71	0.000000	0.500000	[0.5]	1.781084	410.000000	0	0
72	31.000000	0.413592	[0.4135924279689789]	1.781084	441.000000	0	0
73	1.000000	0.500000	[0.5]	1.781084	442.000000	0	0
74	95.000000	-0.500000	[-0.5]	1.781084	537.000000	0	0
75	52.000000	0.500000	[0.5]	1.781084	589.000000	0	0
76	0.000000	0.178177	[0.1781773865222931]	1.781084	589.000000	0	0
77	0.000000	0.500000	[0.5]	1.781084	589.000000	0	0
78	15.000000	0.500000	[0.5]	1.781084	604.000000	0	0
79	0.000000	0.500000	[0.5]	1.781084	604.000000	0	0
80	0.000000	-0.061823	[-0.06182277202606201]	1.781084	604.000000	0	0
81	0.000000	-0.500000	[-0.5]	1.781084	604.000000	0	0
82	0.000000	-0.500000	[-0.5]	1.781084	604.000000	0	0
83	0.000000	0.500000	[0.5]	1.781084	604.000000	0	0
84	0.000000	0.500000	[0.5]	1.781084	604.000000	0	0
85	0.000000	-0.500000	[-0.5]	1.781084	604.000000	0	0
86	35.000000	0.500000	[0.5]	1.781084	639.000000	0	0
87	36.000000	-0.500000	[-0.5]	1.781084	675.000000	0	0
88	3.000000	-0.028295	[-0.02829459309577942]	1.781084	678.000000	0	0
89	0.000000	0.500000	[0.5]	1.781084	678.000000	0	0
90	1.000000	-0.500000	[-0.5]	1.781084	679.000000	0	0
91	1.000000	0.500000	[0.5]	1.781084	680.000000	0	0
92	0.000000	-0.500000	[-0.5]	1.781084	680.000000	0	0
93	0.000000	-0.231407	[-0.23140697181224823]	1.781084	680.000000	0	0
94	0.000000	0.500000	[0.5]	1.781084	680.000000	0	0
95	10.000000	0.454485	[0.45448508858680725]	1.781084	690.000000	0	0
96	0.000000	0.500000	[0.5]	1.781084	690.000000	0	0
97	13.000000	-0.500000	[-0.5]	1.781084	703.000000	0	0
98	0.000000	0.500000	[0.5]	1.781084	703.000000	0	0
99	0.000000	-0.460776	[-0.4607757329940796]	1.781084	703.000000	0	0
100	15.000000	-0.500000	[-0.5]	1.781084	718.000000	0	0
101	0.000000	-0.500000	[-0.5]	1.781084	718.000000	0	0
102	4.000000	0.500000	[0.5]	1.781084	722.000000	0	0
103	74.000000	-0.500000	[-0.5]	1.781084	796.000000	0	0
104	0.000000	0.500000	[0.5]	1.781084	796.000000	0	0
105	0.000000	-0.500000	[-0.5]	1.781084	796.000000	0	0
106	0.000000	0.002233	[0.0022328197956085205]	1.781084	796.000000	0	0
107	0.000000	-0.500000	[-0.5]	1.781084	796.000000	0	0
108	0.000000	-0.010932	[-0.010932296514511108]	1.781084	796.000000	0	0
109	0.000000	-0.052501	[-0.052501410245895386]	1.781084	796.000000	0	0
110	36.000000	-0.500000	[-0.5]	1.781084	832.000000	0	0
111	15.000000	0.500000	[0.5]	1.781084	847.000000	0	0
112	0.000000	-0.500000	[-0.5]	1.781084	847.000000	0	0
113	0.000000	-0.500000	[-0.5]	1.781084	847.000000	0	0
114	0.000000	-0.500000	[-0.5]	1.781084	847.000000	0	0
115	0.000000	0.500000	[0.5]	1.781084	847.000000	0	0
116	0.000000	-0.500000	[-0.5]	1.781084	847.000000	0	0
117	1.000000	0.500000	[0.5]	1.781084	848.000000	0	0
118	9.000000	0.500000	[0.5]	1.781084	857.000000	0	0
119	0.000000	-0.500000	[-0.5]	1.781084	857.000000	0	0
120	0.000000	0.324728	[0.3247279226779938]	1.781084	857.000000	0	0
121	10.000000	0.500000	[0.5]	1.781084	867.000000	0	0
122	0.000000	-0.500000	[-0.5]	1.781084	867.000000	0	0
123	0.000000	0.500000	[0.5]	1.781084	867.000000	0	0
124	0.000000	0.500000	[0.5]	1.781084	867.000000	0	0
125	10.000000	0.395741	[0.39574095606803894]	1.781084	877.000000	0	0
126	0.000000	0.500000	[0.5]	1.781084	877.000000	0	0
127	28.000000	0.500000	[0.5]	1.781084	905.000000	0	0
128	15.000000	-0.500000	[-0.5]	1.781084	920.000000	0	0
129	9.000000	-0.445701	[-0.4457009732723236]	1.781084	929.000000	0	0
130	0.000000	-0.500000	[-0.5]	1.781084	929.000000	0	0
131	0.000000	0.500000	[0.5]	1.781084	929.000000	0	0
132	4.000000	0.500000	[0.5]	1.781084	933.000000	0	0
133	16.000000	0.500000	[0.5]	1.781084	949.000000	0	0
134	15.000000	-0.500000	[-0.5]	1.781084	964.000000	0	0
135	0.000000	0.500000	[0.5]	1.781084	964.000000	0	0
136	3.000000	0.500000	[0.5]	1.781084	967.000000	0	0
137	10.000000	0.500000	[0.5]	1.781084	977.000000	0	0
138	0.000000	0.373766	[0.373766154050827]	1.781084	977.000000	0	0
139	61.000000	0.500000	[0.5]	1.781084	1038.000000	0	0
140	3.000000	-0.500000	[-0.5]	1.781084	1041.000000	0	0
141	0.000000	-0.045188	[-0.045188456773757935]	1.781084	1041.000000	0	0
142	6.000000	-0.433733	[-0.4337330460548401]	1.781084	1047.000000	0	0
143	0.000000	-0.500000	[-0.5]	1.781084	1047.000000	0	0
144	0.000000	-0.500000	[-0.5]	1.781084	1047.000000	0	0
145	0.000000	0.500000	[0.5]	1.781084	1047.000000	0	0
146	0.000000	0.368792	[0.36879172921180725]	1.781084	1047.000000	0	0
147	16.000000	0.500000	[0.5]	1.781084	1063.000000	0	0
148	0.000000	-0.500000	[-0.5]	1.781084	1063.000000	0	0
149	0.000000	0.500000	[0.5]	1.781084	1063.000000	0	0
150	0.000000	-0.500000	[-0.5]	1.781084	1063.000000	0	0
151	3.000000	-0.500000	[-0.5]	1.781084	1066.000000	0	0
152	3.000000	0.500000	[0.5]	1.781084	1069.000000	0	0
153	-500.000000	-0.500000	[-0.5]	1.781084	1069.000000	1	0
