step	reward	x	action	sigma	score	terminated	truncated
1	0.000000	-0.500000	[-0.5]	1.155098	0.000000	0	0
2	0.000000	-0.322716	[-0.32271608710289]	1.155098	0.000000	0	0
3	0.000000	0.303302	[0.3033020496368408]	1.155098	0.000000	0	0
4	0.000000	-0.500000	[-0.5]	1.155098	0.000000	0	0
5	1.000000	0.500000	[0.5]	1.155098	1.000000	0	0
6	6.000000	-0.500000	[-0.5]	1.155098	7.000000	0	0
7	6.000000	-0.500000	[-0.5]	1.155098	13.000000	0	0
8	0.000000	-0.120350	[-0.12034972012042999]	1.155098	13.000000	0	0
9	1.000000	0.500000	[0.5]	1.155098	14.000000	0	0
10	15.000000	0.436965	[0.43696460127830505]	1.155098	29.000000	0	0
11	0.000000	0.500000	[0.5]	1.155098	29.000000	0	0
12	0.000000	-0.500000	[-0.5]	1.155098	29.000000	0	0
13	3.000000	-0.500000	[-0.5]	1.155098	32.000000	0	0
14	0.000000	-0.500000	[-0.5]	1.155098	32.000000	0	0
15	0.000000	-0.500000	[-0.5]	1.155098	32.000000	0	0
16	0.000000	0.321343	[0.32134300470352173]	1.155098	32.000000	0	0
17	0.000000	-0.435890	[-0.4358900785446167]	1.155098	32.000000	0	0
18	15.000000	-0.064337	[-0.06433738768100739]	1.155098	47.000000	0	0
19	0.000000	-0.500000	[-0.5]	1.155098	47.000000	0	0
20	0.000000	0.313125	[0.3131248950958252]	1.155098	47.000000	0	0
21	0.000000	0.193314	[0.19331389665603638]	1.155098	47.000000	0	0
22	10.000000	-0.482908	[-0.4829082190990448]	1.155098	57.000000	0	0
23	46.000000	-0.500000	[-0.5]	1.155098	103.000000	0	0
24	25.000000	-0.500000	[-0.5]	1.155098	128.000000	0	0
25	1.000000	0.280739	[0.28073883056640625]	1.155098	129.000000	0	0
26	19.000000	0.500000	[0.5]	1.155098	148.000000	0	0
27	64.000000	0.500000	[0.5]	1.155098	212.000000	0	0
28	0.000000	0.500000	[0.5]	1.155098	212.000000	0	0
29	6.000000	-0.500000	[-0.5]	1.155098	218.000000	0	0
30	0.000000	-0.364567	[-0.36456745862960815]	1.155098	218.000000	0	0
31	0.000000	-0.364000	[-0.36400049924850464]	1.155098	218.000000	0	0
32	0.000000	-0.500000	[-0.5]	1.155098	218.000000	0	0
33	15.000000	0.500000	[0.5]	1.155098	233.000000	0	0
34	0.000000	0.270801	[0.2708013653755188]	1.155098	233.000000	0	0
35	0.000000	0.100139	[0.10013880580663681]	1.155098	233.000000	0	0
36	0.000000	-0.500000	[-0.5]	1.155098	233.000000	0	0
37	0.000000	-0.211079	[-0.21107947826385498]	1.155098	233.000000	0	0
38	1.000000	-0.500000	[-0.5]	1.155098	234.000000	0	0
39	0.000000	-0.264021	[-0.264021098613739]	1.155098	234.000000	0	0
40	46.000000	-0.500000	[-0.5]	1.155098	280.000000	0	0
41	19.000000	-0.500000	[-0.5]	1.155098	299.000000	0	0
42	0.000000	0.500000	[0.5]	1.155098	299.000000	0	0
43	0.000000	-0.474466	[-0.4744657278060913]	1.155098	299.000000	0	0
44	0.000000	-0.321499	[-0.3214992582798004]	1.155098	299.000000	0	0
45	10.000000	-0.500000	[-0.5]	1.155098	309.000000	0	0
46	15.000000	-0.441057	[-0.44105690717697144]	1.155098	324.000000	0	0
47	0.000000	0.500000	[0.5]	1.155098	324.000000	0	0
48	0.000000	-0.185979	[-0.1859787106513977]	1.155098	324.000000	0	0
49	25.000000	-0.500000	[-0.5]	1.155098	349.000000	0	0
50	15.000000	-0.070904	[-0.0709044486284256]	1.155098	364.000000	0	0
51	0.000000	-0.306375	[-0.30637526512145996]	1.155098	364.000000	0	0
52	0.000000	0.500000	[0.5]	1.155098	364.000000	0	0
53	121.000000	-0.500000	[-0.5]	1.155098	485.000000	0	0
54	6.000000	0.391810	[0.3918098509311676]	1.155098	491.000000	0	0
55	0.000000	-0.197236	[-0.19723646342754364]	1.155098	491.000000	0	0
56	0.000000	-0.500000	[-0.5]	1.155098	491.000000	0	0
57	9.000000	-0.500000	[-0.5]	1.155098	500.000000	0	0
58	1.000000	-0.189432	[-0.18943169713020325]	1.155098	501.000000	0	0
59	0.000000	0.010480	[0.010479673743247986]	1.155098	501.000000	0	0
60	0.000000	0.500000	[0.5]	1.155098	501.000000	0	0
61	31.000000	-0.500000	[-0.5]	1.155098	532.000000	0	0
62	0.000000	-0.105211	[-0.1052113026380539]	1.155098	532.000000	0	0
63	0.000000	0.356303	[0.3563026189804077]	1.155098	532.000000	0	0
64	0.000000	0.500000	[0.5]	1.155098	532.000000	0	0
65	0.000000	0.500000	[0.5]	1.155098	532.000000	0	0
66	15.000000	-0.500000	[-0.5]	1.155098	547.000000	0	0
67	0.000000	-0.061270	[-0.061270006000995636]	1.155098	547.000000	0	0
68	74.000000	0.500000	[0.5]	1.155098	621.000000	0	0
69	0.000000	0.500000	[0.5]	1.155098	621.000000	0	0
70	0.000000	-0.500000	[-0.5]	1.155098	621.000000	0	0
71	0.000000	0.500000	[0.5]	1.155098	621.000000	0	0
72	4.000000	0.413213	[0.41321316361427307]	1.155098	625.000000	0	0
73	6.000000	0.500000	[0.5]	1.155098	631.000000	0	0
74	4.000000	-0.500000	[-0.5]	1.155098	635.000000	0	0
75	0.000000	0.500000	[0.5]	1.155098	635.000000	0	0
76	0.000000	0.260538	[0.26053786277770996]	1.155098	635.000000	0	0
77	0.000000	0.500000	[0.5]	1.155098	635.000000	0	0
78	15.000000	0.500000	[0.5]	1.155098	650.000000	0	0
79	0.000000	0.500000	[0.5]	1.155098	650.000000	0	0
80	6.000000	0.104889	[0.10488901287317276]	1.155098	656.000000	0	0
81	10.000000	-0.500000	[-0.5]	1.155098	666.000000	0	0
82	36.000000	-0.467559	[-0.4675588607788086]	1.155098	702.000000	0	0
83	46.000000	0.500000	[0.5]	1.155098	748.000000	0	0
84	1.000000	0.500000	[0.5]	1.155098	749.000000	0	0
85	0.000000	-0.500000	[-0.5]	1.155098	749.000000	0	0
86	0.000000	0.500000	[0.5]	1.155098	749.000000	0	0
87	0.000000	-0.500000	[-0.5]	1.155098	749.000000	0	0
88	0.000000	0.126633	[0.12663325667381287]	1.155098	749.000000	0	0
89	0.000000	0.500000	[0.5]	1.155098	749.000000	0	0
90	15.000000	-0.500000	[-0.5]	1.155098	764.000000	0	0
91	0.000000	0.500000	[0.5]	1.155098	764.000000	0	0
92	10.000000	-0.500000	[-0.5]	1.155098	774.000000	0	0
93	0.000000	-0.005093	[-0.005092553794384003]	1.155098	774.000000	0	0
94	0.000000	0.500000	[0.5]	1.155098	774.000000	0	0
95	89.000000	0.439734	[0.4397335350513458]	1.155098	863.000000	0	0
96	9.000000	0.500000	[0.5]	1.155098	872.000000	0	0
97	0.000000	-0.500000	[-0.5]	1.155098	872.000000	0	0
98	0.000000	0.500000	[0.5]	1.155098	872.000000	0	0
99	3.000000	-0.153847	[-0.1538465917110443]	1.155098	875.000000	0	0
100	0.000000	-0.500000	[-0.5]	1.155098	875.000000	0	0
101	0.000000	-0.337343	[-0.33734312653541565]	1.155098	875.000000	0	0
102	13.000000	0.500000	[0.5]	1.155098	888.000000	0	0
103	0.000000	-0.391989	[-0.3919885754585266]	1.155098	888.000000	0	0
104	0.000000	0.500000	[0.5]	1.155098	888.000000	0	0
105	0.000000	-0.500000	[-0.5]	1.155098	888.000000	0	0
106	6.000000	0.146431	[0.14643141627311707]	1.155098	894.000000	0	0
107	15.000000	-0.500000	[-0.5]	1.155098	909.000000	0	0
108	0.000000	0.137893	[0.13789334893226624]	1.155098	909.000000	0	0
109	160.000000	0.110934	[0.11093425005674362]	1.155098	1069.000000	0	0
110	1.000000	-0.500000	[-0.5]	1.155098	1070.000000	0	0
111	0.000000	0.500000	[0.5]	1.155098	1070.000000	0	0
112	0.000000	-0.500000	[-0.5]	1.155098	1070.000000	0	0
113	10.000000	-0.500000	[-0.5]	1.155098	1080.000000	0	0
114	0.000000	-0.500000	[-0.5]	1.155098	1080.000000	0	0
115	0.000000	0.500000	[0.5]	1.155098	1080.000000	0	0
116	0.000000	-0.500000	[-0.5]	1.155098	1080.000000	0	0
117	0.000000	0.500000	[0.5]	1.155098	1080.000000	0	0
118	16.000000	0.500000	[0.5]	1.155098	1096.000000	0	0
119	0.000000	-0.500000	[-0.5]	1.155098	1096.000000	0	0
120	0.000000	0.355581	[0.35558128356933594]	1.155098	1096.000000	0	0
121	0.000000	0.500000	[0.5]	1.155098	1096.000000	0	0
122	0.000000	-0.500000	[-0.5]	1.155098	1096.000000	0	0
123	16.000000	0.500000	[0.5]	1.155098	1112.000000	0	0
124	56.000000	0.500000	[0.5]	1.155098	1168.000000	0	0
125	0.000000	0.401636	[0.4016358554363251]	1.155098	1168.000000	0	0
126	36.000000	0.500000	[0.5]	1.155098	1204.000000	0	0
127	0.000000	0.500000	[0.5]	1.155098	1204.000000	0	0
128	0.000000	-0.345027	[-0.34502682089805603]	1.155098	1204.000000	0	0
129	3.000000	-0.144070	[-0.14407005906105042]	1.155098	1207.000000	0	0
130	1.000000	-0.500000	[-0.5]	1.155098	1208.000000	0	0
131	0.000000	0.500000	[0.5]	1.155098	1208.000000	0	0
132	15.000000	0.500000	[0.5]	1.155098	1223.000000	0	0
133	0.000000	0.500000	[0.5]	1.155098	1223.000000	0	0
134	15.000000	-0.346468	[-0.346467524766922]	1.155098	1238.000000	0	0
135	56.000000	0.500000	[0.5]	1.155098	1294.000000	0	0
136	0.000000	0.500000	[0.5]	1.155098	1294.000000	0	0
137	28.000000	0.500000	[0.5]	1.155098	1322.000000	0	0
138	64.000000	0.387384	[0.3873843550682068]	1.155098	1386.000000	0	0
139	0.000000	0.500000	[0.5]	1.155098	1386.000000	0	0
140	10.000000	-0.500000	[-0.5]	1.155098	1396.000000	0	0
141	0.000000	0.115677	[0.11567696183919907]	1.155098	1396.000000	0	0
142	0.000000	-0.136308	[-0.13630841672420502]	1.155098	1396.000000	0	0
143	0.000000	-0.436455	[-0.4364551901817322]	1.155098	1396.000000	0	0
144	0.000000	-0.489519	[-0.48951905965805054]	1.155098	1396.000000	0	0
145	0.000000	0.500000	[0.5]	1.155098	1396.000000	0	0
146	0.000000	0.384158	[0.38415825366973877]	1.155098	1396.000000	0	0
147	0.000000	0.500000	[0.5]	1.155098	1396.000000	0	0
148	15.000000	-0.213553	[-0.21355274319648743]	1.155098	1411.000000	0	0
149	1.000000	0.500000	[0.5]	1.155098	1412.000000	0	0
150	1.000000	-0.500000	[-0.5]	1.155098	1413.000000	0	0
151	15.000000	-0.500000	[-0.5]	1.155098	1428.000000	0	0
152	9.000000	0.500000	[0.5]	1.155098	1437.000000	0	0
153	0.000000	-0.500000	[-0.5]	1.155098	1437.000000	0	0
154	25.000000	0.500000	[0.5]	1.155098	1462.000000	0	0
155	0.000000	-0.500000	[-0.5]	1.155098	1462.000000	0	0
156	0.000000	0.500000	[0.5]	1.155098	1462.000000	0	0
157	0.000000	-0.013166	[-0.013165824115276337]	1.155098	1462.000000	0	0
158	0.000000	0.064831	[0.06483126431703568]	1.155098	1462.000000	0	0
159	6.000000	-0.500000	[-0.5]	1.155098	1468.000000	0	0
160	9.000000	-0.500000	[-0.5]	1.155098	1477.000000	0	0
161	0.000000	-0.500000	[-0.5]	1.155098	1477.000000	0	0
162	0.000000	0.500000	[0.5]	1.155098	1477.000000	0	0
163	0.000000	-0.500000	[-0.5]	1.155098	1477.000000	0	0
164	0.000000	-0.500000	[-0.5]	1.155098	1477.000000	0	0
165	0.000000	0.500000	[0.5]	1.155098	1477.000000	0	0
166	0.000000	-0.500000	[-0.5]	1.155098	1477.000000	0	0
167	0.000000	0.500000	[0.5]	1.155098	1477.000000	0	0
168	59.000000	-0.500000	[-0.5]	1.155098	1536.000000	0	0
169	0.000000	-0.500000	[-0.5]	1.155098	1536.000000	0	0
170	1.000000	0.500000	[0.5]	1.155098	1537.000000	0	0
171	0.000000	-0.500000	[-0.5]	1.155098	1537.000000	0	0
172	-500.000000	-0.500000	[-0.5]	1.155098	1537.000000	1	0
